partido,3255
per,2170
10,1642
13,1642
12,1639
14,1636
15,1634
tico,1240
0,1022
pol,930
n,775
popular,775
el,620
nacional,515
del,465
libertad,465
de,465
y,465
votos,465
1,408
2,388
4,388
3,387
7,378
9,377
8,377
6,370
5,370
11,369
18,365
22,365
16,364
17,364
24,363
20,363
19,363
23,362
25,362
21,360
para,310
alianza,310
crata,310
progreso,310
dem,310
democr,310
en,310
por,310
primero,310
frente,310
fuerza,310
la,310
pa,310
s,310
a,310
92,212
93,209
91,207
94,207
95,207
27,159
26,159
82,158
28,158
30,157
80,157
37,157
36,157
34,157
32,157
38,156
2021,156
31,156
vico,155
29,155
33,155
35,155
81,155
acci,155
agr,155
ahora,155
avanza,155
blanco,155
buen,155
camino,155
comunidad,155
diferente,155
emprendedores,155
esperanza,155
f,155
fe,155
gente,155
gobierno,155
impugnados,155
juntos,155
los,155
naci,155
nulos,155
patri,155
podemos,155
progresemos,155
renovaci,155
social,155
trabajadores,155
morado,155
moderno,155
libre,155
integridad,155
integraci,155
obras,155
federal,155
peruano,155
prin,155
electoral,155
ecolog,155
democratico,155
venceremos,155
unido,155
pte,155
cooperaci,155
cola,155
ciudadanos,155
c,155
salvemos,155
aprista,155
an,155
sicreo,155
al,155
verde,155
unidad,155
somos,155
tica,155
todos,155
un,155
447,7
88,7
599,6
138,6
127,6
237,6
432,6
346,5
210,5
426,5
110,5
470,5
69,5
724,5
184,5
163,5
62,5
500,5
434,5
78,5
89,5
224,5
179,5
368,5
311,5
191,5
815,5
394,5
471,5
330,4
895,4
675,4
53,4
125,4
424,4
446,4
137,4
130,4
720,4
186,4
142,4
406,4
345,4
41,4
364,4
1714,4
351,4
161,4
940,4
454,4
200,4
508,4
572,4
181,4
871,4
924,4
460,4
2065,4
393,4
175,4
362,4
487,4
488,4
180,4
521,4
251,4
766,4
139,4
253,4
218,4
166,4
842,4
1885,4
221,4
268,4
271,4
90,4
443,4
338,4
277,4
348,4
979,4
644,4
100,4
233,4
472,4
667,4
236,4
356,4
885,3
886,3
596,3
109,3
1687,3
45,3
115,3
937,3
292,3
133,3
1084,3
941,3
1104,3
341,3
128,3
256,3
39,3
112,3
360,3
1962,3
669,3
1331,3
2355,3
819,3
298,3
784,3
375,3
1212,3
390,3
456,3
131,3
958,3
578,3
1041,3
5210,3
579,3
1653,3
3053,3
639,3
1074,3
198,3
40,3
384,3
2475,3
64,3
6582,3
209,3
528,3
582,3
281,3
303,3
787,3
506,3
608,3
464,3
754,3
715,3
105,3
174,3
44,3
1858,3
441,3
1207,3
173,3
830,3
274,3
1119,3
650,3
3527,3
327,3
201,3
275,3
152,3
1322,3
593,3
48,3
159,3
2413,3
552,3
3901,3
752,3
1685,3
553,3
102,3
1070,3
560,3
586,3
363,3
1650,3
350,3
628,3
936,3
1435,3
2180,3
383,3
541,3
1891,3
219,3
1260,3
490,3
1669,3
1086,3
164,3
415,3
746,3
278,3
1643,3
388,3
418,3
262,3
1410,3
389,3
4791,3
228,3
304,3
453,3
421,3
243,3
509,3
305,3
480,3
636,3
265,3
123,3
107,3
1447,3
222,3
395,3
1995,3
252,3
664,3
238,3
208,3
497,3
1464,3
482,3
67,3
892,3
11340,3
398,3
215,3
3996,3
1024,3
400,3
225,3
531,3
154,3
216,3
583,3
116,3
202,3
1624,3
183,3
2496,2
838,2
1072,2
124,2
1463,2
280,2
204,2
452,2
2813,2
5990,2
2042,2
4537,2
85,2
852,2
2290,2
4547,2
855,2
6037,2
2821,2
1805,2
857,2
1620,2
6066,2
4580,2
46,2
866,2
1812,2
867,2
121,2
87,2
3541,2
6104,2
1340,2
6118,2
1165,2
2305,2
1477,2
206,2
284,2
359,2
140,2
2337,2
2062,2
207,2
47,2
888,2
1625,2
235,2
621,2
1128,2
473,2
47495,2
8967,2
288,2
3635,2
477,2
63,2
365,2
633,2
1346,2
1849,2
6346,2
4799,2
913,2
3663,2
2081,2
919,2
1105,2
921,2
484,2
642,2
643,2
928,2
1497,2
1854,2
369,2
29079,2
9332,2
65272,2
934,2
49,2
13471,2
943,2
944,2
656,2
373,2
1645,2
1414,2
951,2
2436,2
493,2
135,2
294,2
1866,2
2964,2
187,2
6653,2
10321,2
244,2
114,2
670,2
299,2
165,2
972,2
50,2
974,2
977,2
6738,2
98,2
674,2
985,2
6750,2
2993,2
1120,2
381,2
988,2
108,2
3844,2
3009,2
1358,2
1676,2
386,2
122,2
1006,2
250,2
1009,2
1008,2
2133,2
507,2
1359,2
2509,2
5125,2
1426,2
1686,2
1144,2
1052,2
1363,2
396,2
1056,2
2144,2
1430,2
1059,2
1060,2
1693,2
1927,2
1063,2
1064,2
1065,2
7101,2
3993,2
1148,2
194,2
1540,2
1153,2
538,2
1549,2
7248,2
1952,2
217,2
258,2
408,2
730,2
1709,2
734,2
1312,2
1967,2
315,2
738,2
739,2
172,2
317,2
1720,2
1371,2
547,2
743,2
1565,2
548,2
4172,2
3183,2
748,2
75,2
750,2
320,2
1316,2
1983,2
220,2
1133,2
1124,2
1739,2
1159,2
3249,2
3253,2
4226,2
56,2
562,2
2641,2
1577,2
158,2
428,2
5672,2
1384,2
2674,2
1594,2
2682,2
7760,2
334,2
3343,2
1599,2
785,2
790,2
1178,2
1028,2
2706,2
5728,2
3370,2
1235,2
2003,2
1390,2
575,2
1766,2
800,2
3379,2
273,2
177,2
8060,2
807,2
1774,2
3414,2
814,2
342,2
178,2
3432,2
2022,2
17803,2
344,2
59,2
1330,2
832,2
1469,2
533,2
7510,2
7521,2
753,2
1248,2
755,2
392,2
3929,2
182,2
3804,2
76,2
245,2
5357,2
3799,2
5394,2
147,2
2104,2
1192,2
328,2
1616,2
307,2
148,2
3971,2
399,2
774,2
1629,2
379,2
779,2
1998,2
401,2
549,2
2125,2
1832,2
310,2
254,2
2540,2
403,2
1195,2
79,2
791,2
21290,2
1836,2
5563,2
802,2
2560,2
557,2
515,2
2152,2
558,2
1487,2
126,2
811,2
812,2
1030,2
2448,2
3155,2
1081,2
1202,2
817,2
412,2
565,2
826,2
261,2
1406,2
1127,2
4137,2
570,2
1157,2
571,2
835,2
2063,2
41716,2
837,2
4180,2
84,2
658,2
1869,2
849,2
42,2
1273,2
1504,2
58,2
323,2
1883,2
1206,2
267,2
1277,2
285,2
870,2
590,2
2013,2
3269,2
134,2
377,2
168,2
1684,2
881,2
1515,2
270,2
5980,2
893,2
6594,2
2438,2
1518,2
896,2
433,2
3322,2
2435,2
234,2
272,2
716,2
333,2
2726,2
3341,2
170,2
17014,2
438,2
3362,2
1702,2
610,2
612,2
2738,2
1703,2
354,2
226,2
616,2
297,2
925,2
14246,2
1425,2
143,2
1019,2
927,2
160,2
1375,2
2768,2
623,2
2050,2
2356,2
1954,2
627,2
3411,2
1539,2
2778,2
3428,2
952,2
2798,2
1541,2
1552,2
3455,2
638,2
2804,2
205,2
459,2
1724,2
640,2
2807,2
1560,2
2316,2
978,2
666,2
981,2
286,2
645,2
646,2
144,2
466,2
998,2
282,2
1029,2
1460,2
1373,2
2958,2
2954,2
1032,2
1227,2
706,2
705,2
3700,2
4951,2
1558,2
111,2
701,2
2825,2
1294,2
1366,2
1004,2
203,2
240,2
367,2
1767,2
653,2
1735,2
136,2
2904,2
689,2
239,2
1129,2
684,2
481,2
682,2
2889,2
6805,2
68,2
520,2
246,2
73,2
73103,2
106,2
1014,2
2466,2
523,2
1037,2
247,2
1139,2
74,2
1140,2
387,2
529,2
745,2
1611,2
1007,1
10078,1
10096,1
101,1
10101,1
1013885,1
1015,1
1016,1
1017,1
1018,1
10203,1
1020835,1
102161,1
1022,1
102291,1
1023,1
10252,1
10266,1
10268,1
102782,1
10282,1
10289,1
103,1
103006,1
103117,1
103223,1
103623,1
10384,1
104,1
104095,1
104386,1
1044,1
10440,1
104544,1
104651,1
1048,1
1049,1
10508,1
10532,1
1056025,1
1061835,1
1062,1
10657,1
1066,1
10670,1
1068,1
1069,1
10706,1
1071,1
107151,1
10723,1
107233,1
107910,1
108115,1
108191,1
10829,1
10837,1
1085,1
108642,1
10874,1
1089,1
1089173,1
108942,1
1090,1
109132,1
1093,1
10948,1
10958,1
1101,1
110382,1
1106,1
11083,1
1110,1
11100,1
11101,1
11115,1
11141,1
11145,1
11148,1
1116,1
111867,1
11213,1
112178,1
11220,1
11223,1
1125,1
112733,1
112926,1
11295,1
112964,1
11305,1
11328,1
11351,1
113778,1
11378,1
11384,1
11478,1
1151,1
1156,1
115625,1
11568,1
11584,1
11588,1
1160,1
11609,1
1162,1
11624,1
116446,1
11653,1
1167,1
11685,1
117,1
11719,1
1173,1
11741,1
1181,1
118165,1
118433,1
11849,1
1188027,1
11903,1
1193,1
11972,1
1199,1
1005,1
120,1
1203,1
12048,1
1208,1
12096,1
12105,1
12117,1
121245,1
1216,1
1221,1
12213,1
1222,1
12220,1
122235,1
1225,1
12253,1
1232,1
12330,1
12340,1
1240696,1
1242,1
12429,1
1244,1
12481,1
12484,1
12511,1
12518,1
1252,1
1263,1
12637,1
1265,1
1267,1
12721,1
12733,1
1279,1
12830,1
1284,1
1286,1
12883,1
1289966,1
1292,1
1293,1
12958,1
1295878,1
1296,1
1297,1
1298,1
13006,1
13041,1
1305,1
13052,1
1309,1
13101,1
13102,1
1315,1
13156,1
13160,1
13169,1
13185,1
131943,1
132,1
1320,1
13204,1
1326,1
13264,1
1328,1
13288,1
1329,1
13296,1
1332110,1
13367,1
133673,1
133891,1
13428,1
1344,1
1344138,1
13474,1
13484,1
1350,1
1351,1
1352,1
1353,1
1355,1
13570,1
135952,1
13610,1
13620,1
13634,1
13664,1
136761,1
13697,1
13712,1
13749,1
1377,1
13805,1
138065,1
13860,1
138657,1
13874,1
13875,1
13894,1
13902,1
1391526,1
139882,1
1399,1
1400,1
1401,1
1402,1
14031,1
1405,1
1407,1
14097,1
141,1
14112,1
14142,1
1415,1
1418,1
14185,1
142250,1
14237,1
14238,1
14334,1
1436,1
1437,1
1438,1
1439102,1
143951,1
144311,1
14432,1
144502,1
14464,1
144799,1
1449,1
14498,1
14513,1
1452031,1
14549,1
1455,1
14561,1
14574,1
14581,1
14602,1
1461,1
14615,1
1462,1
14640,1
1466,1
146697,1
1468,1
14696,1
1471,1
14740,1
14803,1
1482,1
14820,1
1485,1
149,1
1490,1
149363,1
1495,1
14953,1
14993,1
150,1
1501,1
1502,1
1503,1
15030,1
151,1
1511,1
15128,1
15138,1
15158,1
15167,1
1521,1
1530,1
15305,1
15367,1
15388,1
1545,1
1546,1
15524,1
155307,1
15570,1
156,1
15601,1
156233,1
1564,1
157,1
1580,1
1582,1
15852,1
15856,1
1587,1
15892,1
15906,1
15930,1
15933,1
159547,1
159617,1
15987,1
16002,1
160281,1
1603,1
1606,1
1607,1
1610,1
16110,1
1612,1
16131,1
16154,1
16262,1
162715,1
1628,1
163445,1
16351,1
16364,1
163719,1
1638,1
16414,1
1648,1
165023,1
16520,1
1659,1
1664242,1
1665,1
16653,1
1666,1
167,1
16710,1
167385,1
167438,1
16744,1
1677,1
16854,1
169,1
16919,1
169771,1
1704,1
17068,1
17092,1
171,1
1711,1
17125,1
17126,1
17154,1
1717448,1
1721,1
1723,1
17243,1
17259,1
1727,1
1732,1
17322,1
17417,1
17519,1
176,1
1761,1
17625,1
1763140,1
17644,1
17675,1
17679,1
1769,1
1772,1
17763,1
17780,1
17878,1
178823,1
1789,1
1792,1
1793,1
17986,1
1802,1
1802429,1
1806,1
1810,1
18125,1
18134,1
18136,1
18165,1
18180,1
1821,1
1823,1
18230,1
1827,1
18276,1
18285,1
1831,1
183139,1
18326,1
18374,1
1839,1
18423,1
18427,1
1843,1
1847,1
18488,1
185,1
18535,1
1856,1
18576,1
1861,1
18657,1
18683,1
18699,1
18757,1
18767,1
1884,1
1890,1
1895,1
18984,1
1909,1
1910,1
19109,1
1912,1
1913,1
19131,1
1915,1
1922,1
1923,1
19235,1
19272,1
193,1
1935,1
1938,1
19393,1
1940,1
19401,1
1941,1
1949560,1
196,1
19643,1
19738,1
1974,1
1975775,1
19809,1
19839,1
1984,1
1986,1
1991,1
1994,1
19955,1
19962,1
20084,1
2011,1
20111,1
2016,1
20181,1
20243,1
20246,1
2025,1
20281,1
20283,1
20327,1
2033,1
203493,1
2039,1
20450,1
20472,1
2048,1
20484,1
20485,1
20495,1
20572,1
20578,1
20626,1
20638,1
2064,1
2070,1
2072,1
20756,1
20836,1
20940,1
20962,1
209775,1
2099,1
2100,1
210530,1
2107,1
211,1
2113,1
2115,1
2117,1
21207,1
2128,1
2129,1
213,1
2135,1
21395,1
21509,1
21537,1
2155,1
2168,1
21681,1
2171,1
2175,1
21754,1
21756,1
21805,1
21811,1
2182,1
21823,1
21861,1
21867,1
21869,1
2188,1
21937,1
2202,1
220273,1
2204,1
22058,1
2213,1
22131,1
2216,1
22181,1
22208,1
22269,1
223,1
22335,1
2234,1
223510,1
2239,1
22400,1
2242,1
2247,1
2249,1
2262,1
2264,1
2266,1
2280,1
2282,1
2290529,1
2292,1
2294,1
2296,1
22985,1
2302,1
23055,1
2308,1
23084,1
231,1
2311,1
23171,1
2319,1
232,1
23212,1
23218,1
2325,1
23302,1
23356,1
2336,1
2341,1
2344,1
2360,1
23600,1
2361,1
2370,1
2380,1
2386,1
2390,1
23910,1
2393,1
2398,1
2400,1
2404,1
2410,1
2411,1
24126,1
241491,1
2419,1
24197,1
242,1
2421,1
24252,1
2430,1
2431,1
24318,1
2432,1
2443,1
2445,1
2460,1
2461,1
24650,1
2469,1
2471,1
24762,1
24783,1
248,1
2483,1
2486,1
2491,1
25061,1
25076,1
25114,1
25153,1
251767,1
25178,1
252093,1
2521,1
25226,1
2524,1
25263,1
253527,1
25382,1
2546,1
2547,1
255,1
2557,1
25663,1
25698,1
25805,1
25901,1
25962,1
25971,1
2599,1
26021,1
2604,1
2607,1
261688,1
2617,1
2620,1
2621,1
26289,1
263,1
26308,1
264,1
26403,1
26429,1
2652,1
26528,1
2656,1
2657,1
2670,1
2677,1
26776,1
2688,1
269050,1
2694,1
26948,1
26967,1
2700,1
27041,1
27136,1
2717,1
27249,1
2727,1
27300,1
27315,1
27458,1
27496,1
2750,1
2752,1
2756,1
27594,1
276,1
27612,1
2774,1
2777,1
279,1
2800,1
2801,1
2802,1
2803,1
2805,1
28068,1
2812,1
281287,1
28134,1
2815,1
2819,1
2820,1
28278,1
28348,1
2839,1
2843,1
28439,1
2849,1
2856,1
28571,1
28593,1
2864,1
28653,1
287,1
2875,1
2882,1
28820,1
2885,1
2887,1
289,1
2892,1
2893,1
2912,1
29165,1
2917,1
2920,1
2927,1
29277,1
29296,1
293,1
29304,1
29359,1
2937,1
29457,1
2951,1
29523,1
2953,1
296,1
296341,1
29640,1
2965,1
2967,1
29689,1
29691,1
2973,1
2975,1
29777,1
29781,1
2980,1
2984,1
29902,1
300,1
3001,1
30044,1
3008,1
30126,1
3014,1
30154,1
302,1
3022,1
3027,1
30305,1
3032,1
3045,1
30484,1
3049,1
30493,1
3054,1
3056,1
30567,1
30596,1
3063,1
3066,1
306989,1
3071,1
3082,1
3084420,1
3085,1
30868,1
3088,1
3089,1
31034,1
3104,1
3105,1
311240,1
3113,1
31153,1
3118,1
31186,1
3122,1
31240,1
3125,1
31257,1
313,1
3133,1
3136,1
31391,1
31559,1
31584,1
31628,1
31737,1
317466,1
3175,1
318,1
3184,1
31870,1
319,1
3201,1
3202,1
3208,1
3210,1
3227,1
3234,1
324,1
3245,1
3247,1
324954,1
325,1
32587,1
326,1
3270,1
3273,1
3277,1
32796,1
10033,1
3284,1
32915,1
3313,1
3314,1
33146,1
332,1
3325,1
33261,1
33397,1
335,1
3354,1
3365,1
3366,1
33674,1
337,1
33734,1
3380,1
33802,1
3381,1
3383,1
33880,1
339,1
3393,1
33961,1
340,1
34032,1
34190,1
34220,1
34242,1
3433,1
3434,1
3442,1
3444,1
3447,1
34558,1
34679,1
34686,1
3469,1
3475,1
3481,1
3499,1
3503,1
35042,1
3507,1
3509,1
35160,1
3519,1
352,1
3520,1
3524,1
3530,1
3533,1
3534,1
3535,1
3536,1
35417,1
3544,1
3547,1
3548,1
3550,1
35552,1
35683,1
357,1
3573,1
35735,1
358,1
3590,1
3591,1
3607,1
36075,1
361,1
36218,1
36221,1
3644,1
3651,1
36567,1
3659,1
36738,1
3680,1
3681,1
36931,1
3694,1
370,1
3701,1
3704,1
371,1
3719,1
3725,1
37291,1
374,1
3742,1
3744,1
3747,1
37528,1
37558,1
3757,1
376,1
3762,1
37638,1
37703,1
3772,1
3782,1
3787,1
3802,1
380958,1
3811,1
38134,1
3814,1
38186,1
38254,1
38288,1
3830,1
3836,1
38421,1
3853,1
3874,1
3878,1
3882,1
3890,1
39073,1
39299,1
3931,1
3936,1
3937,1
39400,1
39522,1
3955,1
3957,1
39598,1
3964,1
3966,1
39683,1
3970,1
3977,1
39988,1
4000,1
4007,1
4010,1
40159,1
402,1
4027,1
402921,1
4030,1
4032,1
405,1
405395,1
4068,1
407052,1
40716,1
4077,1
4081,1
4082,1
4087,1
409,1
4091,1
40947,1
4102,1
41101,1
41130,1
41224,1
4124,1
4127,1
4135,1
4138,1
41387,1
4141,1
41456,1
417,1
41862,1
419,1
41999,1
4208,1
4216,1
42184,1
42209,1
422670,1
423,1
42307,1
4236,1
42464,1
4247,1
4250,1
42508,1
42534,1
42551,1
42659,1
427,1
42895,1
429,1
43,1
430,1
430143,1
43179,1
4322,1
43277,1
43380,1
435,1
4354,1
4355,1
43633,1
43683,1
4369,1
437,1
4396,1
4399,1
4414,1
4416,1
44193,1
4430,1
44332,1
4443,1
4462,1
4470,1
44722,1
4478,1
44815,1
4483,1
44881,1
4493,1
4507,1
4508,1
4510,1
451125,1
45119,1
45207,1
45223,1
4529,1
4534,1
4535,1
4541,1
45529,1
4558,1
457,1
458,1
45891,1
4597,1
4608,1
4614,1
4617,1
4625,1
4628,1
46346,1
46481,1
465,1
4654,1
4661,1
46644,1
46669,1
467,1
4673,1
4676,1
4677,1
46793,1
4683,1
4687,1
469,1
47014,1
4709,1
4711,1
47248,1
4729,1
4732,1
4737,1
4745,1
4746,1
47548,1
47789,1
478,1
4784,1
48012,1
4804,1
4808,1
4809,1
4811,1
4812,1
4823,1
4832,1
4850,1
4863,1
48663,1
48758,1
4877,1
4878,1
48833,1
489,1
48949,1
49081,1
4917,1
49383,1
4942,1
4944,1
495,1
4952,1
496,1
4965,1
49675,1
4968,1
4976,1
5000,1
50006,1
50266,1
50502,1
507611,1
5086,1
5092,1
50936,1
5096,1
510,1
5103,1
51093,1
51162,1
5117,1
5142,1
5144,1
5146,1
5150,1
51539,1
516,1
5180,1
51921,1
52,1
5201,1
5202,1
52049,1
52109,1
52147,1
5241,1
5249,1
525,1
5253,1
5257,1
5262,1
527,1
52748,1
52950,1
5305,1
532,1
534,1
53427,1
5344,1
5347,1
5348,1
53519,1
5352,1
53533,1
5355,1
5362,1
53684,1
53737,1
5404,1
5405,1
540675,1
542,1
5421,1
54263,1
5431,1
5433,1
54412,1
5450,1
5454,1
54572,1
5476,1
54787,1
54825,1
5494,1
55,1
5506,1
551,1
55116,1
5513,1
55132,1
5529,1
5540,1
555,1
5560,1
5566,1
5571,1
5579,1
55792,1
55839,1
55963,1
5600,1
560001,1
561,1
5624,1
5628,1
563,1
5631,1
5658,1
56602,1
5664,1
5670,1
56785,1
569,1
56938,1
57,1
57059,1
57107,1
57246,1
5739,1
5743,1
5750,1
577,1
57705,1
57733,1
5777,1
5801,1
5809,1
581,1
5813,1
58517,1
58553,1
5871,1
5885,1
59058,1
5907,1
5910,1
5922,1
59439,1
59445,1
5949,1
595,1
5951,1
5962,1
597,1
5996,1
5998,1
600,1
6006,1
601,1
6018,1
603,1
60318,1
60332,1
604,1
6042,1
6054,1
60629,1
60630,1
607,1
6082,1
6088,1
6096,1
61169,1
6127,1
6131,1
6137,1
6138,1
61431,1
61508,1
6153,1
6154,1
61714,1
6173,1
61841,1
6185,1
6189,1
61996,1
620,1
6230,1
6232,1
62357,1
6245,1
6260,1
6274,1
6278,1
6298,1
63060,1
63076,1
6312,1
6315,1
63277,1
635,1
6354,1
6356,1
6375,1
6380,1
6388,1
63943,1
6398,1
63994,1
64022,1
6404,1
6413,1
6417,1
6425,1
64258,1
6431,1
6474,1
64801,1
64917,1
64980,1
6515,1
6516,1
6525,1
65401,1
655,1
65507,1
6563,1
6567,1
6576,1
6588,1
659,1
65971,1
66,1
6607,1
6617,1
6639,1
6667,1
66766,1
66855,1
66959,1
6704,1
672,1
6724,1
6733,1
6740,1
67466,1
676,1
6808,1
6820,1
683,1
6836,1
6852,1
68834,1
68885,1
6898,1
68984,1
69045,1
691,1
6930,1
6939,1
69399,1
69546,1
696,1
6972,1
69738,1
6978,1
6983,1
6985,1
69866,1
70,1
7007,1
7011,1
7016,1
7042,1
70519,1
7055,1
707,1
7084,1
709387,1
709619,1
70989,1
711,1
71141,1
7115,1
71154,1
7118,1
7119,1
713,1
71331,1
713424,1
7137,1
7162,1
717,1
7171,1
71711,1
718375,1
72,1
7201,1
721,1
7210,1
7226,1
72328,1
7243,1
7249,1
72638,1
7265,1
729,1
73029,1
7316,1
732,1
73249,1
7325,1
733,1
73476,1
735,1
736,1
737,1
7405,1
741,1
74129,1
74183,1
7425,1
74260,1
74285,1
74700,1
74760,1
7489,1
7493,1
750521,1
7517,1
75180,1
7548,1
756,1
757,1
7580,1
7589,1
7600,1
7605,1
76054,1
762015,1
7622,1
763,1
765,1
7650,1
76505,1
7676,1
770,1
77088,1
771,1
7711,1
7728,1
77349,1
776,1
777,1
77702,1
781,1
7811,1
782,1
7822,1
78377,1
7845,1
7855,1
786,1
78758,1
788,1
7909,1
79130,1
792,1
79294,1
7936,1
795,1
79605,1
804,1
8041,1
8065,1
808,1
8087,1
809,1
8093,1
810,1
8103,1
81370,1
81448,1
8151,1
81519,1
8155,1
820,1
821,1
82281,1
8265,1
8272,1
8274,1
8282,1
8285,1
8294,1
8309,1
833,1
8338,1
8345,1
83512,1
83628,1
83927,1
841480,1
84516,1
8478,1
84976,1
850,1
8527,1
853,1
85569,1
858,1
860,1
861,1
862,1
862913,1
8636,1
8678,1
868,1
8687,1
8710,1
8724,1
87254,1
873,1
873365,1
875,1
8759,1
876,1
880,1
88068,1
8810,1
88211,1
8860,1
88654,1
887,1
89139,1
8930,1
894,1
8949,1
89569,1
8958,1
8965,1
897,1
90057,1
9009,1
9018,1
9019,1
903,1
904125,1
9053,1
9060,1
908,1
9083,1
9109,1
91119,1
91142,1
9118,1
912,1
91315,1
9137,1
915,1
9150,1
9154,1
9177,1
91918,1
9192,1
920,1
923,1
9259,1
9260,1
92620,1
9264,1
9272,1
9285,1
93053,1
9329,1
93321,1
9342,1
9368,1
9374,1
945,1
9469,1
947,1
9473,1
9489,1
949246,1
95010,1
9520,1
953,1
954,1
95446,1
9572,1
9579,1
9590,1
9620,1
96358,1
9659,1
96611,1
9663,1
9668,1
9676,1
9707,1
971,1
9711,1
9744,1
975,1
97553,1
9756,1
976259,1
9796,1
98306,1
9835,1
9844,1
9856,1
9861,1
98937,1
9980,1
9992,1
1003,1
idagrupacionpolitica,1
ideleccion,1
10029,1
1001,1
totalvotos,1
10060,1
353,1
10702,1
10731,1
10741,1
10745,1
1076,1
10777,1
10786,1
10817,1
10824,1
1083,1
10855,1
1087,1
108760,1
10908,1
1092,1
10947,1
109794,1
1099,1
110107,1
1103,1
11041,1
11056,1
1109,1
11094,1
1112,1
1114,1
11144,1
1115,1
1117,1
112038,1
1123,1
11253,1
11285,1
11294,1
113,1
1132,1
1134,1
1135,1
1138,1
113883,1
11413,1
11421,1
11424,1
11548,1
1158,1
1161,1
11645,1
11651,1
1166,1
1168,1
1169,1
1170,1
11715,1
11720,1
1172153,1
117229,1
117435,1
1175,1
1176,1
117881,1
11796,1
11797,1
118,1
1180,1
1180216,1
11830,1
11834,1
1187,1
119,1
11920,1
1194,1
1196,1
1197,1
11970,1
11998,1
12054,1
12064,1
12073,1
120929,1
1210,1
1215,1
1217,1
121719,1
12180,1
121883,1
121897,1
12234,1
1226,1
12268,1
12279,1
1228,1
1229,1
1231,1
12361,1
12374,1
12387,1
12431,1
124822,1
1249,1
1250,1
12582,1
1259,1
12597,1
1261,1
12632,1
126491,1
12669,1
126745,1
12701,1
12706,1
1271,1
1272,1
12726,1
12736,1
12738,1
127543,1
1278,1
12800,1
1281,1
12824,1
1283,1
12857,1
12863,1
12868,1
128707,1
12873,1
128779,1
12978,1
129809,1
1301,1
1303,1
13075,1
1313,1
13170,1
1319,1
131930,1
13201,1
13252,1
13270,1
13273,1
13309,1
1334,1
13340,1
13393,1
1342,1
134414,1
1345,1
1347,1
135066,1
13510,1
1354,1
13558,1
13565,1
13586,1
136129,1
13626,1
136810,1
13701,1
13707,1
137145,1
1374,1
1378,1
13782,1
1378849,1
13811,1
1385,1
1387,1
1391,1
13929,1
13951,1
1396,1
139637,1
139699,1
1397,1
1033,1
140286,1
1403,1
1404,1
1410602,1
14134,1
1415065,1
14154,1
1416,1
14199,1
1420,1
1422,1
14236,1
1424,1
142439,1
14271,1
14293,1
142967,1
14305,1
14316,1
14339,1
143510,1
1439,1
144003,1
1441,1
1442,1
1443,1
14438,1
1444,1
1446,1
144743,1
14476,1
1448,1
14485,1
1453,1
1454,1
14548,1
14568,1
146,1
14657,1
147439,1
1476,1
147712,1
1484,1
1486,1
14911,1
1492,1
14962,1
14973,1
14979,1
1498,1
15074,1
1508,1
1509,1
1510,1
1517,1
15180,1
15215,1
1522,1
1526,1
15295,1
1532,1
1534,1
1535,1
15368,1
15373,1
1538,1
15450,1
155,1
1551,1
1554,1
1556,1
15709,1
1571,1
157213,1
15731,1
1578,1
1579,1
15802,1
15875,1
10315,1
16032,1
160410,1
160663,1
16068,1
16069,1
161014,1
16117,1
1617,1
16186,1
162064,1
1621,1
16214,1
1623,1
1624581,1
16259,1
16267,1
16293,1
16303,1
1635,1
16370,1
1640,1
16454,1
1646,1
16464,1
16494,1
1652,1
16559,1
1658,1
16621,1
1673,1
1675,1
16771,1
16781,1
1680,1
16805,1
16860,1
16888,1
1692,1
1694,1
1697858,1
1698,1
17000,1
1701,1
17054,1
17063,1
1716,1
17215,1
1722,1
1725,1
1726,1
1728,1
17330,1
1739127,1
1741,1
17438,1
17441,1
17455,1
1749,1
1752,1
1753,1
1755,1
1757,1
1762,1
1763,1
1777,1
17821,1
1796,1
103135,1
1800,1
18003,1
18008,1
1803644,1
1811,1
18120,1
181545,1
18254,1
18270,1
1828,1
18308,1
18328,1
1834,1
18418,1
18425,1
18453,1
1853,1
18533,1
18543,1
18557,1
18602,1
18616,1
1864,1
18644,1
1870,1
1872,1
1876,1
1877,1
18774,1
1888,1
18903,1
189884,1
1031,1
190,1
1902,1
19073,1
1908,1
19119,1
19168,1
19190,1
191999,1
192,1
19230,1
19251,1
1926,1
1929,1
1934,1
1939,1
19446,1
19483,1
1951,1
1953,1
1957,1
1960,1
19632,1
1972,1
1975,1
19773,1
19786,1
19792,1
19822,1
19838,1
1985,1
1988,1
198860,1
1989,1
199,1
1990,1
1993,1
19933,1
1996,1
102971,1
2001,1
20015,1
20018,1
20058,1
20112,1
20138,1
2019,1
201993,1
202130,1
20234,1
2026,1
2027,1
20275,1
2028,1
20306,1
2032,1
2035,1
20433,1
204909,1
20511,1
205219,1
2054,1
20556,1
2056,1
20569,1
20573,1
2060,1
206014,1
2061,1
2073,1
20731,1
20748,1
20752,1
20781,1
2079,1
2085,1
20867,1
2088,1
20884,1
2095,1
20988,1
21009,1
21039,1
2105,1
2106,1
2108,1
2109,1
211364,1
21140,1
21165,1
21175,1
2118,1
212,1
2120,1
21221,1
2123,1
2124,1
212891,1
21307,1
21309,1
2131,1
21345,1
21349,1
21380,1
21386,1
214,1
2140,1
214025,1
21455,1
21470,1
2149,1
215228,1
2153,1
2154,1
21597,1
2164,1
2167283,1
2169,1
21695,1
21797,1
2184,1
2186,1
21876,1
21892,1
2190,1
21949,1
2195,1
21956,1
21980,1
2199,1
102820,1
2200,1
22044,1
22052,1
22066,1
2210,1
22107,1
2214,1
22143,1
22147,1
222053,1
222161,1
22247,1
22286,1
2236,1
2237,1
22382,1
2240,1
2244,1
22474,1
22513,1
22530,1
2254,1
225895,1
22599,1
22686,1
2269,1
227,1
2270,1
227126,1
227130,1
2277,1
2278,1
22819,1
2283753,1
2288,1
22894,1
22902,1
2291,1
2297,1
102813,1
230,1
2301,1
23012,1
23056,1
23091,1
23120,1
23213,1
2331,1
23370,1
2340,1
234124,1
2349,1
23501,1
2358,1
23593,1
2363,1
2372,1
23826,1
23861,1
2387656,1
23901,1
2392,1
2402,1
24053,1
2414,1
2417,1
2420,1
2423,1
24362,1
24375,1
2439,1
24398,1
2441,1
2444,1
2452,1
2455,1
24600,1
24626,1
2467,1
246701,1
2468,1
247287,1
2476,1
249,1
24924,1
2501,1
25065,1
2507,1
2515155,1
2516,1
2517,1
2518,1
25262,1
2532,1
25354,1
25378,1
2539,1
25394,1
25406,1
25441,1
2551,1
2559,1
2561105,1
25686,1
257,1
2574,1
2576,1
2579,1
2581,1
2582,1
2589,1
2591,1
2592,1
2594,1
25959,1
260,1
2603,1
2610,1
2614,1
26187,1
26227,1
2625,1
2629,1
26307,1
2632,1
26343,1
26395,1
2646,1
26461,1
2650,1
26515,1
2653,1
26651,1
2666,1
26697,1
2680,1
2683,1
2686,1
26917,1
27119,1
27158,1
2720,1
27205,1
2725,1
2733878,1
2734,1
27398,1
2740,1
27452,1
27485,1
2754,1
27632,1
27656,1
27695,1
2781,1
2783,1
27876,1
27907,1
2794,1
102667,1
28098,1
2814,1
28150,1
28166,1
2822,1
28238,1
2824,1
28280,1
2829,1
283,1
2831,1
28335,1
2835,1
28368,1
2841,1
28497,1
28515,1
28551,1
2861,1
28646,1
28648,1
28736,1
28748,1
28758,1
28802,1
28849,1
2886,1
28875,1
28959,1
28967,1
1000,1
29015,1
2903,1
2907,1
2909,1
291,1
2910,1
2926,1
29273,1
2928,1
2932,1
29335,1
29356,1
295,1
29656,1
2966,1
29717,1
297381,1
2990,1
29911,1
2998,1
2999,1
102618,1
3000,1
30019,1
3005,1
3006,1
3018,1
3019,1
30276,1
30285,1
3033,1
3035,1
3038,1
3041,1
3042,1
3057,1
30603,1
3070,1
307380,1
3075,1
3091,1
30925,1
30928,1
30936,1
3094,1
3097,1
3106,1
3107,1
3112,1
31134,1
31180,1
31185,1
312,1
3120,1
3123,1
31250,1
3134,1
31384,1
314,1
31406,1
31441,1
3145,1
31487,1
3154,1
316,1
3176,1
3179,1
31791,1
3180,1
3187,1
3207,1
3221,1
3229,1
32390,1
323932,1
3241,1
3244,1
3260,1
32725,1
3274,1
32785,1
3291,1
32918,1
3296,1
o,1
3300,1
3301,1
331,1
3324,1
3327,1
3351,1
33594,1
336,1
33607,1
33694,1
3372,1
3373,1
3374,1
3376,1
3378,1
3391,1
3400,1
34031,1
102301,1
3421,1
3427,1
343,1
3435,1
3437,1
3448,1
34574,1
34626,1
3463,1
34646,1
346866,1
3476,1
3480,1
3485,1
3486,1
3487,1
3489,1
3496,1
10102,1
3504,1
3505,1
35082,1
3518,1
35241,1
3531,1
3538,1
3546,1
35495,1
355,1
3551,1
3554,1
3556,1
3579,1
35887,1
3592,1
35925,1
3598,1
36015,1
3605,1
3610,1
3619,1
3620,1
3623,1
36261,1
3654,1
3656,1
366,1
36630,1
3667,1
3671,1
3672,1
36824,1
3688,1
3697,1
37035,1
3711,1
37236,1
3728,1
37334,1
37404,1
3746,1
3749,1
3750,1
3752,1
3758,1
37668,1
3771,1
3774,1
3776,1
3778,1
378,1
3789,1
37892,1
3791,1
38091,1
382395,1
3831,1
383135,1
3843,1
38449,1
38458,1
38527,1
38554,1
3857,1
3870,1
3871,1
3879,1
39072,1
39084,1
3909,1
391,1
3915,1
3925,1
393051,1
3941,1
3944,1
3947,1
3954,1
3956,1
3960,1
396586,1
39763,1
39777,1
3990,1
39971,1
102192,1
401087,1
4021,1
40260,1
4031,1
4044,1
4051,1
40517,1
4058,1
4060,1
407,1
40731,1
40808,1
40962,1
4103,1
41131,1
41150,1
41157,1
4117,1
4130,1
41325,1
4134,1
414,1
41440,1
4161,1
41679,1
4179,1
4183,1
41848,1
41922,1
420,1
42022,1
42060,1
42136,1
42142,1
4217,1
422,1
42229,1
4242,1
42439,1
42649,1
42731,1
4275,1
4279,1
42949,1
43047,1
43142,1
43156,1
43258,1
43259,1
43279,1
43308,1
4334,1
43387,1
43555,1
4357,1
43699,1
437553,1
43762,1
4385,1
4390,1
4391,1
4392,1
4393,1
43955,1
4398,1
440,1
44007,1
44126,1
442,1
4428,1
4448,1
445,1
4452,1
4453,1
4456,1
44592,1
4465,1
4477,1
448,1
44854,1
44898,1
449,1
4504,1
45052,1
4506,1
451,1
4512,1
45134,1
4514,1
45163,1
45265,1
45358,1
4536,1
4539,1
45416,1
4548,1
4553,1
4561,1
45761,1
4578,1
45797,1
4605,1
46143,1
46153,1
46160,1
4620,1
46212,1
46228,1
46269,1
4629,1
463,1
46331,1
46336,1
4640,1
4649,1
468,1
4694,1
4695,1
4714,1
4716,1
4719,1
47555,1
47583,1
4759,1
476,1
4771,1
47733,1
47820,1
4789,1
47971,1
48059,1
48094,1
48167,1
48188,1
4819,1
485,1
486,1
4870,1
48943,1
4895,1
4902,1
4907,1
491,1
4911,1
49141,1
492,1
4920,1
4921,1
4929,1
4933,1
49375,1
4941,1
4949,1
49624,1
4970,1
4972,1
49761,1
498,1
49912,1
50003,1
50011,1
5006,1
501,1
5010,1
50128,1
5013,1
50148,1
5018,1
5019,1
5027,1
5029,1
503,1
5034,1
50356,1
50384,1
5039,1
5052,1
5055,1
5057,1
5058,1
5059,1
50664,1
50687,1
50811,1
511,1
512,1
5120,1
5131,1
514,1
5159,1
51721,1
5174,1
5177,1
518,1
5184,1
5186,1
51925,1
5196,1
5229,1
5231,1
5235,1
524,1
52738,1
52764,1
530,1
5302,1
530371,1
5304,1
5308,1
5334,1
535,1
536,1
5366,1
53722,1
5382,1
5384,1
539,1
5390,1
5397,1
53982,1
54,1
540,1
540086,1
5402,1
54059,1
5408,1
54289,1
543,1
54318,1
5435,1
54420,1
5447,1
5457,1
54657,1
54754,1
5479,1
5490,1
549723,1
55077,1
55173,1
5521,1
55242,1
5528,1
5530,1
554,1
5550,1
5553,1
556,1
5585,1
5586,1
5587,1
559,1
5619,1
56232,1
5625,1
5632,1
5635,1
563983,1
5642,1
56439,1
56472,1
56595,1
566,1
568,1
56837,1
56931,1
5696,1
5701,1
57084,1
57119,1
5712,1
57153,1
5718,1
5721,1
5724,1
5727,1
5734,1
574,1
5742,1
5745,1
5749,1
5762,1
5765,1
57900,1
580,1
58037,1
5822,1
5825,1
5826,1
5831,1
5833,1
5835,1
5837,1
5846,1
5861,1
587,1
5884,1
5903,1
5904,1
5908,1
591,1
592,1
5929,1
5937,1
5938,1
5940,1
5942,1
5945,1
5950,1
5952,1
598,1
5993,1
5995,1
59984,1
10196,1
60,1
6017,1
602,1
6021,1
6050,1
60560,1
606,1
6062,1
6064,1
6076,1
60766,1
6083,1
609,1
6099,1
60994,1
6101,1
611,1
61281,1
613,1
6133,1
61377,1
614,1
6141,1
6149,1
61589,1
6165,1
617,1
6186,1
61889,1
619,1
6193,1
61938,1
6199,1
6201,1
6216,1
6219,1
6238,1
624,1
625,1
62728,1
6273,1
62784,1
629,1
631,1
6334,1
6336,1
63377,1
63391,1
63535,1
6359,1
6360,1
6364,1
6372,1
6379,1
63968,1
64026,1
64075,1
6450,1
64720,1
64730,1
648,1
649,1
65296,1
654,1
6553,1
6557,1
6560,1
6561,1
65700,1
6579,1
6585,1
65995,1
66022,1
661,1
6612,1
6619,1
662,1
66450,1
665,1
66583,1
66650,1
66710,1
6695,1
6702,1
6705,1
671,1
6730,1
67623,1
6770,1
678,1
67863,1
679,1
67909,1
6803,1
68068,1
681,1
68183,1
6823,1
68349,1
68392,1
685,1
68523,1
68544,1
687,1
68857,1
6905,1
6914,1
691450,1
6915,1
692,1
6923,1
693,1
69319,1
6936,1
694,1
6943,1
695,1
69577,1
6977,1
698,1
6991,1
69940,1
700,1
7002,1
7017,1
7021,1
7034,1
704,1
70470,1
7051,1
7082,1
70867,1
70912,1
71,1
711990,1
714,1
7141,1
7151,1
7179,1
718,1
7184,1
71863,1
71899,1
719118,1
71984,1
7208,1
722,1
723102,1
7235,1
7237,1
725166,1
726,1
72731,1
72850,1
7292,1
7300,1
731,1
731782,1
7326,1
73314,1
73519,1
7352,1
7356,1
73765,1
73786,1
739004,1
73937,1
7396,1
7399,1
74088,1
7417,1
742,1
7437,1
7466,1
74696,1
7474,1
748622,1
749,1
75047,1
7511,1
7514,1
7516,1
752293,1
75270,1
75403,1
7541,1
75517,1
7568,1
7573,1
7577,1
75816,1
7584,1
75857,1
75999,1
760,1
761,1
7630,1
7632,1
7640,1
76498,1
765350,1
7654,1
768,1
769,1
7693,1
7710,1
7716,1
77238,1
773,1
77478,1
7785,1
77968,1
7797,1
7825,1
783,1
789,1
7910,1
793,1
796,1
7966,1
7977,1
799,1
79919,1
79937,1
79966,1
10187,1
10170,1
8003,1
801,1
803,1
8054,1
8090,1
1010109,1
8142,1
8143,1
81558,1
81568,1
8183,1
81851,1
81876,1
8212,1
82127,1
822,1
82285,1
82327,1
824,1
82652,1
828,1
83219,1
836,1
83647,1
8389,1
839,1
8390,1
840,1
8415,1
8418,1
8435,1
8456,1
846,1
84658,1
8470,1
8471,1
848,1
84904,1
8510,1
8512,1
85309,1
85352,1
8551,1
856,1
85648,1
8568,1
85711,1
85780,1
859,1
86,1
863,1
86573,1
8661,1
86629,1
86982,1
8700,1
8707,1
8709,1
8711,1
8715,1
872,1
87258,1
874,1
8767,1
878,1
879,1
8803,1
8815,1
882,1
88498,1
8851,1
8865,1
8872,1
8880,1
8882,1
8883,1
889,1
8921,1
8925,1
8955,1
896727,1
8976,1
898,1
89808,1
900,1
900262,1
9013,1
90397,1
9041,1
9042,1
905,1
9078,1
909,1
9099,1
9111,1
9119,1
91193,1
91286,1
9149,1
9159,1
9162,1
918,1
10163,1
9207,1
922,1
92442,1
9245,1
9258,1
9283,1
92963,1
930,1
9302,1
93336,1
10159,1
9404,1
94079,1
942,1
946,1
94602,1
948,1
94892,1
10143,1
9507,1
95371,1
9539,1
9549,1
956,1
9560,1
95666,1
95747,1
959,1
96,1
9643,1
965,1
966,1
9669,1
968,1
9691,1
97,1
9703,1
9715,1
973,1
9755,1
9795,1
9810,1
9830,1
9857,1
986,1
9865,1
9874,1
98741,1
989,1
990,1
9906,1
992,1
993,1
9933,1
9939,1
994,1
99556,1
9965,1
1013,1
100620,1
region,1
agrupacionpolitica,1
34088,1
10099,1
100130,1
10125,1
10111,1
1000371,1
10074,1
nivel,1
1036,1
1039,1
103996,1
104084,1
104272,1
1043,1
1045,1
10454,1
10472,1
104757,1
10478,1
10511,1
10513,1
10523,1
105509,1
1056679,1
10576,1
1061,1
1061479,1
1067,1
1067675,1
10684,1
