0,29.563479877709813,4.750563441975226
2,27.48121485999246,9.167201737362523
3,27.90110725837587,9.912448182171095
4,31.21317441495385,7.501010706936886
5,33.93042719980372,15.211518291200825
6,32.535776274694996,9.265857095776857
7,30.959745467684797,17.346659968448126
9,27.884764363200684,7.4220435453235
13,27.888121384920847,5.526827825127329
14,29.071704906341132,6.578414077597527
15,29.340656631045356,5.255240597806823
16,30.851314081610507,4.93671473015871
17,30.089538967297834,6.149070201806297
18,29.31799532333885,3.1910994299143125
20,29.116928829453233,5.726825063532552
22,29.510664062300567,5.441168012484454
23,30.135291755118747,4.027513562387034
