0	1022
1000371	1
100130	1
10029	1
1005	1
10074	1
1008	2
10101	1
1010109	1
10125	1
1014	2
10143	1
1017	1
10170	1
102	3
10203	1
102161	1
1023	1
10266	1
102782	1
1029	2
102971	1
1032	2
103223	1
104084	1
1041	3
1044	1
10440	1
104651	1
105	3
105509	1
1056	2
1059	2
1061835	1
1062	1
1065	2
1068	1
1071	1
10731	1
1074	3
108	2
108191	1
10824	1
1083	1
1086	3
1089	1
10908	1
1092	1
10947	1
1101	1
1104	3
11094	1
111	2
1110	1
11100	1
11115	1
11145	1
11148	1
1116	1
1119	3
112178	1
11220	1
11223	1
1125	1
11253	1
112733	1
1128	2
11295	1
112964	1
11328	1
1134	1
11340	3
114	2
1140	2
11421	1
11424	1
11478	1
115625	1
11568	1
1158	1
1161	1
1167	1
11685	1
117	1
1170	1
11715	1
1173	1
1176	1
117881	1
11796	1
118433	1
1188027	1
1194	1
1197	1
11970	1
12	1639
120	1
1203	1
12048	1
12054	1
1206	2
120929	1
12096	1
12105	1
12117	1
1212	3
1215	1
12180	1
121883	1
1221	1
12213	1
12234	1
1227	2
12279	1
123	3
12330	1
12387	1
1242	1
12429	1
1248	2
12582	1
12597	1
126	2
1260	3
1263	1
126491	1
12669	1
1272	1
12726	1
12738	1
1278	1
1281	1
1284	1
12873	1
1293	1
1296	1
12978	1
129809	1
13041	1
1305	1
13101	1
13170	1
13185	1
131930	1
132	1
1320	1
1326	1
1329	1
13296	1
133673	1
13428	1
1344	1
1344138	1
134414	1
1347	1
135	2
1350	1
1353	1
1359	2
13620	1
13626	1
13701	1
13707	1
1371	2
1374	1
13749	1
1377	1
13782	1
138	6
138065	1
13860	1
13875	1
13902	1
1391526	1
13929	1
139637	1
1401	1
14031	1
1404	1
1407	1
14097	1
141	1
1410	3
14112	1
14142	1
14154	1
1416	1
14199	1
1422	1
142250	1
14238	1
142439	1
1425	2
14271	1
142967	1
14316	1
14334	1
143510	1
1437	1
143951	1
144	2
1443	1
144311	1
1446	1
144743	1
1449	1
1455	1
14568	1
14574	1
1461	1
1464	3
14640	1
147	2
1476	1
1482	1
14820	1
1485	1
149363	1
1497	2
14973	1
14979	1
15	1634
150	1
1503	1
15030	1
1509	1
15138	1
1515	2
1518	2
15180	1
1521	1
1530	1
1539	2
1545	1
15450	1
1551	1
1554	1
15570	1
156	1
1560	2
156233	1
1578	1
15852	1
1587	1
159	3
15906	1
15930	1
15933	1
159617	1
15987	1
1599	2
16002	1
16032	1
16068	1
1611	2
16110	1
16131	1
1617	1
1620	2
1623	1
1624581	1
1629	2
16293	1
163445	1
1635	1
1638	1
16464	1
16494	1
165	2
1650	3
165023	1
1653	3
1659	1
1665	1
16653	1
16710	1
167438	1
1677	1
168	2
1680	1
16854	1
1686	2
16860	1
1692	1
1698	1
1701	1
1704	1
171	1
17154	1
1716	1
1722	1
1725	1
17259	1
1728	1
17322	1
1739127	1
174	3
1749	1
1752	1
1755	1
1761	1
17625	1
1767	2
17679	1
177	2
17763	1
178823	1
18	365
180	4
1800	1
18003	1
1806	1
1812	2
18120	1
18165	1
18180	1
1821	1
1827	1
18270	1
18276	1
18285	1
183	3
1836	2
1839	1
18423	1
18453	1
1854	2
18543	1
18576	1
186	4
18657	1
1866	2
1869	2
18699	1
1872	1
18774	1
1884	1
1890	1
18903	1
18984	1
189884	1
1902	1
1908	1
19119	1
19131	1
191999	1
192	1
1923	1
19230	1
19251	1
1926	1
19272	1
1929	1
1935	1
1938	1
19401	1
1941	1
19446	1
1953	1
1962	3
19632	1
1974	1
19773	1
198	3
19809	1
1983	2
19839	1
1986	1
198860	1
1989	1
1995	3
19962	1
1998	2
2001	1
20058	1
201	3
20112	1
2013	2
2016	1
20181	1
2019	1
202130	1
2022	2
2025	1
2028	1
20283	1
204	2
20433	1
20472	1
20484	1
20511	1
20556	1
2061	1
2064	1
207	2
2070	1
2073	1
20748	1
20781	1
2079	1
2085	1
2088	1
20940	1
20988	1
21	360
210	5
2100	1
21009	1
21039	1
210530	1
2106	1
2109	1
211364	1
2115	1
21165	1
2118	1
21207	1
2124	1
212891	1
213	1
21309	1
2133	2
21345	1
214025	1
215228	1
21537	1
2154	1
21597	1
216	3
2167283	1
21681	1
2169	1
2175	1
21756	1
2184	1
21861	1
21867	1
21876	1
219	3
2190	1
2199	1
2202	1
22044	1
22107	1
22131	1
2214	1
22143	1
222	3
222053	1
222161	1
22269	1
22335	1
2244	1
2247	1
225	3
22530	1
22599	1
2262	1
22686	1
227126	1
2277	1
228	3
2280	1
22902	1
2290529	1
2292	1
2301	1
23055	1
23091	1
231	1
2316	2
2319	1
2325	1
2331	1
2337	2
23370	1
234	2
2340	1
2349	1
2355	3
2358	1
2361	1
237	6
2370	1
23826	1
23901	1
23910	1
24	363
240	2
2400	1
24126	1
2421	1
24252	1
243	3
2430	1
24318	1
2436	2
24375	1
2439	1
2445	1
2448	2
246	2
2460	1
24600	1
2466	2
246701	1
2469	1
2475	3
24762	1
24783	1
249	1
24924	1
2496	2
25065	1
2517	1
252	3
25263	1
2532	1
2547	1
255	1
2559	1
2561105	1
25686	1
25698	1
2574	1
258	2
2589	1
2592	1
25959	1
25962	1
25971	1
2604	1
2607	1
261	2
2610	1
26187	1
2625	1
26289	1
26307	1
26343	1
264	1
26403	1
2646	1
2652	1
26697	1
267	2
2670	1
2682	2
2688	1
2694	1
26967	1
27	159
270	2
2700	1
2706	2
27249	1
2727	1
273	2
27300	1
27315	1
2733878	1
2754	1
27594	1
276	1
27612	1
2778	2
2781	1
27876	1
279	1
2802	1
2805	1
28068	1
28098	1
28134	1
2814	1
282	2
2820	1
28278	1
2829	1
28335	1
2835	1
28368	1
2841	1
28497	1
285	2
28515	1
28551	1
2856	1
28593	1
28653	1
28758	1
288	2
2886	1
28875	1
2889	2
2892	1
28959	1
2904	2
2907	1
29079	2
291	1
2910	1
29277	1
2928	1
29304	1
2937	1
294	2
29457	1
29523	1
2958	2
2964	2
29640	1
2967	1
29691	1
297	2
2973	1
29781	1
3	387
30	157
300	1
3000	1
3006	1
3009	2
30126	1
3018	1
3027	1
30276	1
30285	1
303	3
3033	1
3042	1
3045	1
3054	1
30567	1
3057	1
30603	1
3063	1
3066	1
306989	1
3075	1
30936	1
3105	1
311240	1
31134	1
31185	1
312	1
3120	1
3123	1
31257	1
315	2
31584	1
31737	1
31791	1
318	1
3180	1
3183	2
3201	1
3207	1
3210	1
3234	1
324	1
3249	2
327	3
3270	1
3273	1
32796	1
3291	1
33	155
330	4
3300	1
3324	1
33261	1
3327	1
333	2
3351	1
3354	1
33594	1
336	1
3366	1
3372	1
3378	1
3381	1
339	1
3393	1
34032	1
3411	2
3414	2
342	2
34242	1
3432	2
3435	1
3444	1
3447	1
345	4
34626	1
34686	1
348	4
3480	1
3486	1
3489	1
3504	1
3507	1
35082	1
351	4
35160	1
3519	1
35241	1
3531	1
3534	1
354	2
3546	1
357	1
3573	1
3579	1
3591	1
35925	1
36	157
360	3
36015	1
36075	1
36261	1
363	3
3651	1
3654	1
36567	1
366	1
3663	2
36630	1
3672	1
36738	1
3681	1
369	2
37035	1
3711	1
37236	1
37404	1
3744	1
3747	1
375	3
3750	1
3762	1
37638	1
37668	1
3771	1
3774	1
378	1
3789	1
3804	2
38091	1
381	2
3831	1
383135	1
384	3
38421	1
3843	1
387	2
3870	1
3879	1
3882	1
39	3
390	3
39072	1
39084	1
3909	1
3915	1
393	4
3936	1
39522	1
3954	1
3957	1
396	2
3960	1
3966	1
39777	1
399	2
3990	1
3993	2
3996	3
401087	1
402	1
40260	1
4032	1
4044	1
405	1
405395	1
4068	1
40716	1
40731	1
4077	1
408	2
40947	1
40962	1
41130	1
41157	1
41325	1
4134	1
4137	2
414	1
4161	1
41679	1
417	1
4179	1
41862	1
41922	1
42	2
420	1
42060	1
423	1
4236	1
4242	1
42534	1
426	5
4275	1
429	1
43047	1
43179	1
432	6
43308	1
43380	1
435	1
43683	1
438	2
4392	1
4398	1
44007	1
441	3
4416	1
44193	1
4428	1
4443	1
4452	1
44592	1
447	7
4470	1
44898	1
45	3
4506	1
4512	1
45207	1
453	3
4536	1
4539	1
4548	1
456	3
4578	1
45891	1
459	2
4605	1
4608	1
4614	1
46143	1
4617	1
4620	1
46212	1
46269	1
4629	1
465	1
46644	1
4677	1
468	1
4683	1
4695	1
471	5
4716	1
4719	1
4737	1
4746	1
47583	1
477	2
47733	1
47820	1
4791	3
48	3
480	3
48012	1
4809	1
4812	1
486	1
4863	1
48663	1
4878	1
489	1
4902	1
4911	1
4917	1
492	1
4920	1
4929	1
49383	1
4941	1
4944	1
495	1
4965	1
4968	1
49761	1
498	1
501	1
5010	1
5013	1
50148	1
5019	1
5034	1
50502	1
5052	1
5055	1
5058	1
50664	1
507	2
507611	1
50811	1
510	1
5103	1
51093	1
51162	1
5142	1
516	1
5184	1
51921	1
5196	1
5202	1
5229	1
5235	1
5241	1
525	1
5253	1
5262	1
52764	1
528	3
52950	1
5304	1
531	3
5334	1
534	1
53427	1
5352	1
5355	1
5382	1
5394	2
5397	1
53982	1
54	1
540	1
540086	1
5421	1
543	1
54318	1
5433	1
54420	1
5454	1
5457	1
54657	1
54825	1
549	2
5490	1
55077	1
55116	1
55173	1
552	3
55242	1
5529	1
555	1
5550	1
5553	1
5571	1
558	2
55839	1
5586	1
561	1
5619	1
56232	1
5625	1
5628	1
5631	1
56439	1
56472	1
5658	1
56595	1
5664	1
5670	1
56931	1
57	1
570	2
57084	1
5712	1
57153	1
5718	1
5721	1
5724	1
57246	1
5727	1
5739	1
5742	1
5745	1
57705	1
579	3
57900	1
582	3
5826	1
5835	1
5871	1
5904	1
59058	1
5907	1
591	1
5910	1
5922	1
5937	1
5940	1
59439	1
59445	1
5949	1
5952	1
597	1
6	370
60	1
600	1
6006	1
6018	1
6021	1
603	1
60318	1
6042	1
6054	1
606	1
60630	1
6066	2
609	1
6096	1
6099	1
612	2
61281	1
61377	1
6138	1
6141	1
61431	1
6153	1
6165	1
6186	1
6189	1
61938	1
6201	1
621	2
6216	1
6219	1
624	1
627	2
6273	1
62784	1
63	2
63060	1
6312	1
6315	1
633	2
6336	1
6354	1
636	3
6360	1
6372	1
6375	1
639	3
64026	1
6417	1
642	2
645	2
6450	1
6474	1
648	1
64917	1
64980	1
6516	1
6525	1
654	1
6561	1
6567	1
65700	1
6576	1
6579	1
6582	3
6585	1
6588	1
6594	2
66	1
6612	1
6639	1
66450	1
666	2
66855	1
669	3
6702	1
6705	1
672	1
6738	2
675	4
6750	2
67623	1
678	1
67863	1
681	1
68349	1
684	2
6852	1
68523	1
68544	1
687	1
69	5
69045	1
6915	1
693	1
6930	1
6936	1
6939	1
69399	1
69546	1
696	1
6972	1
69738	1
6978	1
7002	1
7011	1
7017	1
70470	1
705	2
709619	1
70989	1
7101	2
711	1
71154	1
7119	1
71331	1
7137	1
714	1
717	1
7179	1
72	1
720	4
7248	2
726	1
729	1
73029	1
732	1
7326	1
73314	1
73476	1
735	1
7356	1
738	2
739004	1
74088	1
741	1
7425	1
7437	1
74700	1
74760	1
748622	1
75	2
750	2
750521	1
75180	1
7521	2
75270	1
753	2
7548	1
756	1
75816	1
7584	1
75999	1
7605	1
7632	1
765	1
7650	1
765350	1
768	1
77088	1
771	1
7710	1
7716	1
77238	1
7728	1
77349	1
774	2
77478	1
777	1
7785	1
7797	1
78	5
783	1
7845	1
786	1
789	1
792	1
795	1
79605	1
7977	1
801	1
804	1
807	2
81	155
810	1
8103	1
8142	1
8151	1
81519	1
81558	1
81876	1
819	3
822	1
82281	1
8265	1
8274	1
828	1
83628	1
837	2
84	2
840	1
8415	1
8418	1
84516	1
846	1
8478	1
849	2
852	2
855	2
85569	1
8568	1
858	1
861	1
862913	1
8661	1
867	2
86982	1
87	2
870	2
8700	1
8709	1
8715	1
8724	1
87258	1
873	1
873365	1
876	1
879	1
88068	1
882	1
885	3
8865	1
888	2
8880	1
8883	1
89139	1
8925	1
894	1
8949	1
8955	1
8958	1
8967	2
897	1
8976	1
89808	1
9	377
90	4
900	1
90057	1
9009	1
9018	1
903	1
9042	1
9060	1
9078	1
909	1
9099	1
9111	1
91119	1
912	1
915	1
9150	1
9159	1
9162	1
9177	1
918	1
9192	1
9207	1
921	2
924	4
92442	1
9258	1
9264	1
927	2
9285	1
93	209
930	1
93321	1
93336	1
9342	1
936	3
942	1
945	1
94602	1
948	1
9489	1
95010	1
9507	1
951	2
954	1
9549	1
9579	1
96	1
966	1
9663	1
9669	1
9711	1
972	2
9744	1
975	1
9756	1
976259	1
978	2
9795	1
981	2
9810	1
9861	1
98937	1
990	1
9906	1
993	1
9933	1
9939	1
an	155
aprista	155
avanza	155
blanco	155
buen	155
c	155
de	465
del	465
diferente	155
f	155
frente	310
fuerza	310
gente	155
gobierno	155
libertad	465
naci	155
nulos	155
o	1
para	310
per	2170
peruano	155
podemos	155
popular	775
prin	155
progresemos	155
region	1
social	155
somos	155
tica	155
trabajadores	155
unido	155
verde	155
