1001	1
1004	2
1007	1
101	1
1013	1
1013885	1
1016	1
10163	1
10187	1
1019	2
10196	1
1022	1
102301	1
102667	1
10268	1
1028	2
102820	1
10289	1
103006	1
1031	1
103117	1
103135	1
1037	2
103996	1
104	1
104095	1
104272	1
1043	1
104386	1
10454	1
10472	1
10478	1
1049	1
10508	1
10511	1
1052	2
10523	1
10532	1
1061	1
1064	2
1067	1
10670	1
1067675	1
107	3
1070	3
10706	1
107233	1
10745	1
1076	1
108115	1
10817	1
10829	1
1085	1
10874	1
108760	1
1089173	1
109132	1
10958	1
11	369
110	5
110107	1
1103	1
1106	1
1109	1
1112	1
11141	1
11144	1
1115	1
11213	1
1124	2
1127	2
11285	1
11294	1
113	1
1133	2
11351	1
11378	1
11384	1
1139	2
1148	2
1151	1
1157	2
11588	1
116	3
1160	1
11609	1
11624	1
116446	1
11645	1
11651	1
1166	1
1169	1
11720	1
1172153	1
117229	1
11741	1
1175	1
1178	2
1181	1
118165	1
11834	1
11849	1
1187	1
119	1
11903	1
1193	1
1196	1
11972	1
1199	1
1202	2
1208	1
1217	1
121897	1
122	2
1226	1
1229	1
1232	1
1235	2
12374	1
12431	1
1244	1
124822	1
125	4
1250	1
12518	1
1259	1
12632	1
1265	1
126745	1
12701	1
1271	1
127543	1
1277	2
128	3
12800	1
12824	1
1283	1
12830	1
12857	1
1286	1
12863	1
128707	1
128779	1
1289966	1
1292	1
1298	1
1301	1
13052	1
131	3
1313	1
1316	2
13160	1
13169	1
1319	1
1322	3
1328	1
1331	3
1332110	1
1334	1
13340	1
13367	1
133891	1
134	2
1340	2
1346	2
13484	1
1352	1
1355	1
13565	1
1358	2
13586	1
135952	1
13610	1
136129	1
13634	1
13664	1
136810	1
13697	1
137	4
13712	1
1373	2
13805	1
13811	1
1385	1
13874	1
1391	1
139699	1
1397	1
139882	1
14	1636
140	2
1400	1
1403	1
1406	2
1410602	1
1415	1
1418	1
14237	1
1424	1
14246	2
143	2
1430	2
14339	1
1436	1
1439	1
1439102	1
1442	1
14432	1
14438	1
144502	1
144799	1
1448	1
14498	1
14513	1
1454	1
14549	1
14561	1
146	1
1460	2
14615	1
1463	2
14657	1
1466	1
1469	2
14696	1
147439	1
147712	1
1484	1
1487	2
149	1
1490	1
14993	1
1502	1
15074	1
1508	1
1511	1
15128	1
15158	1
15167	1
1517	1
152	3
15215	1
1526	1
15305	1
1532	1
1535	1
15368	1
1538	1
1541	2
155	1
15524	1
1556	1
1565	2
1571	1
157213	1
15731	1
1577	2
158	2
1580	1
15875	1
159547	1
160663	1
1607	1
161	4
1610	1
161014	1
16154	1
1616	2
162064	1
16214	1
1625	2
16259	1
16262	1
162715	1
1628	1
16364	1
16370	1
164	3
1640	1
1643	3
16454	1
1646	1
1652	1
16520	1
16559	1
1658	1
167	1
1673	1
1676	2
16781	1
16805	1
1685	3
16919	1
1694	1
169771	1
1697858	1
17	364
170	2
17000	1
1703	2
17054	1
17063	1
1709	2
17126	1
1717448	1
1721	1
1724	2
17243	1
1727	1
173	3
17330	1
1739	2
17417	1
17438	1
17441	1
17519	1
1757	1
176	1
1763	1
1766	2
17675	1
1769	1
1772	1
17780	1
179	5
1793	1
1796	1
18008	1
1802	1
1802429	1
1803644	1
1805	2
1811	1
18125	1
18134	1
182	2
1823	1
18230	1
18254	1
18308	1
183139	1
1832	2
18326	1
18374	1
18425	1
1847	1
18488	1
185	1
1853	1
18533	1
18557	1
1856	1
18602	1
18644	1
18683	1
18767	1
1877	1
1883	2
1895	1
19073	1
191	5
1910	1
19109	1
1913	1
19190	1
1922	1
19235	1
1934	1
194	2
1940	1
1952	2
19643	1
1967	2
1975775	1
19838	1
1985	1
1988	1
1991	1
1994	1
19955	1
2	388
20	363
200	4
20015	1
20018	1
2003	2
20084	1
20111	1
20138	1
2021	156
20234	1
20243	1
20246	1
2027	1
203	2
20306	1
20327	1
2033	1
2039	1
2042	2
20450	1
2048	1
20495	1
205219	1
2054	1
20573	1
206	2
2060	1
206014	1
2063	2
2072	1
20756	1
2081	2
20867	1
209	3
2099	1
2105	1
2108	1
21140	1
2117	1
212	1
2120	1
21221	1
2123	1
2129	1
21290	2
2135	1
21380	1
21386	1
21395	1
2144	2
21455	1
21470	1
215	3
21509	1
2153	1
2168	1
21695	1
2171	1
21797	1
218	4
2180	3
2186	1
21869	1
2195	1
21956	1
21980	1
220273	1
2204	1
22052	1
22058	1
221	4
2210	1
2213	1
2216	1
22181	1
22208	1
22247	1
22286	1
2234	1
223510	1
2237	1
22382	1
224	5
2240	1
22400	1
2249	1
225895	1
2264	1
227	1
2270	1
2282	1
2288	1
2291	1
2294	1
2297	1
22985	1
23	362
230	1
23012	1
23084	1
23120	1
23171	1
23213	1
233	4
2336	1
234124	1
23501	1
236	4
2360	1
23600	1
2363	1
2372	1
23861	1
2387656	1
239	2
2390	1
2393	1
2402	1
24053	1
2411	1
2414	1
2417	1
24197	1
242	1
2420	1
2423	1
2432	1
2435	2
24362	1
2438	2
24398	1
2441	1
2444	1
245	2
24626	1
24650	1
2468	1
2471	1
248	1
2483	1
2486	1
2501	1
25061	1
2507	1
25076	1
251	4
2516	1
251767	1
25178	1
25226	1
25262	1
25382	1
25394	1
254	2
2540	2
25406	1
2546	1
257	1
2576	1
2579	1
25805	1
2582	1
25901	1
2591	1
2594	1
26	159
260	1
26021	1
2603	1
261688	1
2621	1
263	1
26429	1
26528	1
2657	1
26651	1
2666	1
269050	1
26948	1
27041	1
27119	1
27158	1
2717	1
272	2
2720	1
2726	2
2738	2
27398	1
27452	1
27458	1
27485	1
275	3
2750	1
2756	1
27632	1
27656	1
2768	2
27695	1
2774	1
2777	1
278	3
2783	1
2798	2
2801	1
2804	2
2807	2
281	3
281287	1
2813	2
28166	1
2819	1
2822	1
28238	1
2825	2
28280	1
2831	1
284	2
2843	1
28439	1
2849	1
28571	1
2861	1
2864	1
28646	1
287	1
28736	1
28748	1
28802	1
2882	1
28820	1
2885	1
28967	1
29	155
29015	1
2903	1
2909	1
2912	1
29165	1
2927	1
29273	1
293	1
2951	1
2954	2
296	1
296341	1
2966	1
29717	1
2975	1
29777	1
2984	1
299	2
2990	1
2993	2
2999	1
30044	1
3005	1
3008	1
3014	1
302	1
30305	1
3032	1
3035	1
3038	1
3041	1
305	3
3053	3
3056	1
30596	1
3071	1
3089	1
31034	1
3104	1
3107	1
311	5
3113	1
3122	1
3125	1
31250	1
3134	1
31391	1
314	1
31406	1
31487	1
3155	2
31559	1
31628	1
317	2
3176	1
3179	1
32	157
320	2
3221	1
3227	1
323	2
32390	1
323932	1
3245	1
326	1
3260	1
3269	2
3284	1
32915	1
32918	1
3296	1
3314	1
33146	1
332	1
3341	2
335	1
3362	2
3365	1
33674	1
33734	1
3374	1
338	4
3380	1
3383	1
34031	1
34088	1
341	3
34190	1
34220	1
3428	2
3434	1
3437	1
344	2
3455	2
34574	1
34646	1
34679	1
3476	1
3485	1
35	155
350	3
3503	1
35042	1
3509	1
3518	1
3524	1
3527	3
353	1
3530	1
3533	1
3536	1
35417	1
3548	1
35495	1
3551	1
3554	1
35552	1
356	4
35735	1
359	2
3590	1
3605	1
362	4
3620	1
36218	1
36221	1
3623	1
3635	2
3644	1
365	2
3656	1
3659	1
3671	1
368	5
3680	1
36824	1
3701	1
3704	1
371	1
3719	1
3725	1
3728	1
37334	1
374	1
3746	1
3749	1
3752	1
3758	1
377	2
37703	1
3776	1
3782	1
37892	1
3791	1
38	156
38186	1
38288	1
383	3
3830	1
3836	1
3857	1
386	2
3878	1
389	3
3890	1
392	2
3929	2
39299	1
3941	1
3944	1
3947	1
395	3
3956	1
396586	1
39683	1
3971	2
3977	1
398	3
39971	1
4007	1
401	2
4010	1
4031	1
40517	1
4058	1
407	1
40808	1
4082	1
4091	1
41	4
4103	1
41150	1
4124	1
4127	1
4130	1
41387	1
41456	1
4172	2
419	1
41999	1
4208	1
4217	1
422	1
42209	1
4226	2
42464	1
4247	1
4250	1
42551	1
42659	1
42731	1
428	2
43142	1
4322	1
43259	1
43277	1
4334	1
434	5
4355	1
437	1
4385	1
4391	1
43955	1
44	3
440	1
44126	1
443	4
4430	1
4448	1
446	4
4478	1
449	1
4493	1
4508	1
45119	1
45134	1
4514	1
452	2
4529	1
4535	1
4541	1
45416	1
4547	2
4553	1
45761	1
45797	1
458	1
4580	2
46160	1
4625	1
4628	1
46331	1
46346	1
464	3
4640	1
46481	1
4649	1
4661	1
467	1
4673	1
4676	1
46793	1
4694	1
47	2
470	5
4709	1
473	2
4745	1
47495	2
47555	1
476	1
47789	1
4784	1
4799	2
48059	1
4808	1
4811	1
48167	1
48188	1
482	3
4823	1
4832	1
485	1
4850	1
48758	1
4877	1
488	4
48833	1
4895	1
4907	1
491	1
4949	1
4952	1
497	3
4970	1
4976	1
5	370
50	2
500	5
5000	1
50003	1
50006	1
5006	1
5018	1
5027	1
503	1
50384	1
5039	1
5057	1
506	3
50687	1
509	3
50936	1
5096	1
5117	1
512	1
5120	1
5144	1
515	2
5150	1
51539	1
5159	1
5174	1
5177	1
518	1
5180	1
5186	1
5201	1
52049	1
521	4
5210	3
52109	1
5231	1
524	1
5249	1
527	1
52748	1
53	4
530	1
530371	1
533	2
5348	1
53519	1
5357	2
536	1
5366	1
53684	1
5384	1
539	1
5390	1
5402	1
5405	1
54059	1
5408	1
542	1
54263	1
5435	1
5447	1
5450	1
54572	1
548	2
551	1
5513	1
5528	1
554	1
5540	1
557	2
5579	1
5585	1
56	2
560	3
5600	1
5624	1
563	1
563983	1
5642	1
566	1
5672	2
56837	1
569	1
5696	1
57059	1
57107	1
57119	1
572	4
575	2
5750	1
5762	1
5765	1
5777	1
578	3
5801	1
58037	1
581	1
5813	1
5822	1
5825	1
5831	1
5837	1
5846	1
58517	1
58553	1
5861	1
587	1
5885	1
59	2
590	2
5903	1
593	3
5942	1
5945	1
5951	1
596	3
599	6
5990	2
5993	1
5996	1
59984	1
6017	1
602	1
60332	1
6050	1
60560	1
6062	1
60629	1
608	3
6083	1
6101	1
6104	2
611	1
61169	1
6131	1
6137	1
614	1
6149	1
61508	1
61589	1
617	1
6173	1
61841	1
6185	1
61889	1
62	5
620	1
623	2
6230	1
62357	1
6245	1
6260	1
6278	1
629	1
63377	1
635	1
6356	1
6359	1
638	2
6380	1
63968	1
6398	1
64022	1
6404	1
6413	1
6425	1
6431	1
644	4
64730	1
650	3
6515	1
653	2
65507	1
6557	1
656	2
6560	1
6563	1
659	1
6617	1
662	1
665	1
6653	2
66650	1
66710	1
6695	1
66959	1
6704	1
671	1
674	2
6740	1
67466	1
6770	1
68	2
6803	1
68183	1
683	1
6836	1
68834	1
68885	1
689	2
68984	1
6905	1
6914	1
691450	1
692	1
6923	1
695	1
6977	1
698	1
6983	1
69866	1
7007	1
701	2
7016	1
7034	1
704	1
7055	1
707	1
7082	1
709387	1
71	1
71141	1
7115	1
7118	1
713	1
7151	1
716	2
71711	1
718375	1
7184	1
71984	1
7208	1
722	1
7226	1
7235	1
72638	1
7265	1
72731	1
7292	1
731	1
73103	2
7316	1
731782	1
7325	1
734	2
7352	1
737	1
73937	1
74	2
74129	1
74183	1
74285	1
743	2
746	3
7466	1
74696	1
749	1
7493	1
75047	1
7511	1
7514	1
7517	1
752	3
752293	1
7541	1
755	2
7568	1
7577	1
7580	1
75857	1
7589	1
761	1
7622	1
7640	1
76505	1
7676	1
770	1
773	1
776	1
7760	2
77702	1
779	2
7811	1
782	1
78377	1
785	2
78758	1
788	1
791	2
7910	1
79130	1
79919	1
79937	1
8	377
80	157
800	2
8003	1
803	1
8054	1
8060	2
8087	1
809	1
8090	1
8093	1
812	2
815	5
8183	1
81851	1
821	1
82127	1
824	1
82652	1
8282	1
8285	1
8294	1
830	3
8309	1
83219	1
833	1
8345	1
836	1
839	1
8390	1
83927	1
841480	1
842	4
8435	1
8456	1
8471	1
848	1
8510	1
85352	1
857	2
86	1
860	1
863	1
8636	1
86573	1
866	2
8678	1
8687	1
8711	1
872	1
87254	1
875	1
8759	1
878	1
881	2
8810	1
88211	1
887	1
8882	1
89	5
8921	1
893	2
8930	1
896	2
900262	1
9041	1
905	1
9053	1
908	1
9083	1
91142	1
9119	1
91193	1
91286	1
9137	1
9149	1
92	212
920	1
923	1
9245	1
9260	1
9272	1
92963	1
9302	1
93053	1
9329	1
9332	2
9368	1
9374	1
9404	1
94079	1
941	3
944	2
947	1
9473	1
94892	1
949246	1
95	207
953	1
9539	1
956	1
9560	1
95666	1
9572	1
95747	1
959	1
9590	1
9620	1
965	1
9659	1
96611	1
9668	1
968	1
9707	1
971	1
974	2
9755	1
97553	1
977	2
98	2
9830	1
98306	1
9857	1
986	1
98741	1
989	1
992	1
9965	1
998	2
9980	1
9992	1
agr	155
agrupacionpolitica	1
camino	155
ciudadanos	155
comunidad	155
democr	310
el	620
electoral	155
esperanza	155
fe	155
federal	155
moderno	155
n	775
nacional	515
nivel	1
pa	310
partido	3255
pte	155
salvemos	155
tico	1240
un	155
venceremos	155
