1	408
10	1642
100	4
1000	1
1003	1
10033	1
1006	2
10060	1
100620	1
10078	1
1009	2
10096	1
10099	1
10102	1
10111	1
1015	1
10159	1
1018	1
1020835	1
102192	1
102291	1
1024	3
10252	1
102618	1
102813	1
10282	1
103	1
1030	2
10315	1
10321	2
1033	1
1036	1
103623	1
10384	1
1039	1
1045	1
104544	1
104757	1
1048	1
10513	1
1056025	1
1056679	1
10576	1
106	2
1060	2
1061479	1
1063	2
10657	1
1066	1
10684	1
1069	1
10702	1
107151	1
1072	2
10723	1
10741	1
10777	1
10786	1
107910	1
1081	2
10837	1
1084	3
10855	1
108642	1
1087	1
108942	1
109	3
1090	1
1093	1
10948	1
109794	1
1099	1
110382	1
11041	1
1105	2
11056	1
11083	1
11101	1
1114	1
1117	1
111867	1
112	3
1120	2
112038	1
1123	1
1129	2
112926	1
11305	1
1132	1
1135	1
113778	1
1138	1
113883	1
11413	1
1144	2
115	3
1153	2
11548	1
1156	1
11584	1
1159	2
1162	1
1165	2
11653	1
1168	1
11719	1
117435	1
11797	1
118	1
1180	1
1180216	1
11830	1
1192	2
11920	1
1195	2
11998	1
12064	1
1207	3
12073	1
121	2
1210	1
121245	1
1216	1
121719	1
1222	1
12220	1
122235	1
1225	1
12253	1
12268	1
1228	1
1231	1
12340	1
12361	1
124	2
1240696	1
12481	1
12484	1
1249	1
12511	1
1252	1
1261	1
12637	1
1267	1
127	6
12706	1
12721	1
1273	2
12733	1
12736	1
1279	1
12868	1
12883	1
1294	2
12958	1
1295878	1
1297	1
13	1642
130	4
13006	1
1303	1
13075	1
1309	1
13102	1
1312	2
1315	1
13156	1
131943	1
13201	1
13204	1
13252	1
13264	1
13270	1
13273	1
13288	1
133	3
1330	2
13309	1
13393	1
1342	1
1345	1
13471	2
13474	1
135066	1
1351	1
13510	1
1354	1
13558	1
13570	1
136	2
1363	2
1366	2
136761	1
137145	1
1375	2
1378	1
1378849	1
1384	2
138657	1
1387	1
13894	1
139	4
1390	2
13951	1
1396	1
1399	1
1402	1
140286	1
1405	1
14134	1
1414	2
1415065	1
14185	1
142	4
1420	1
14236	1
1426	2
14293	1
14305	1
1435	3
1438	1
144003	1
1441	1
1444	1
14464	1
1447	3
14476	1
14485	1
1452031	1
1453	1
14548	1
14581	1
14602	1
1462	1
146697	1
1468	1
1471	1
14740	1
1477	2
148	2
14803	1
1486	1
14911	1
1492	1
1495	1
14953	1
14962	1
1498	1
1501	1
1504	2
151	1
1510	1
1522	1
15295	1
1534	1
15367	1
15373	1
15388	1
154	3
1540	2
1546	1
1549	2
1552	2
155307	1
1558	2
15601	1
1564	1
157	1
15709	1
1579	1
15802	1
1582	1
15856	1
15892	1
1594	2
16	364
160	2
160281	1
1603	1
160410	1
1606	1
16069	1
16117	1
1612	1
16186	1
1621	1
1624	3
16267	1
163	5
16303	1
16351	1
163719	1
16414	1
1645	2
1648	1
166	4
16621	1
1664242	1
1666	1
1669	3
167385	1
16744	1
1675	1
16771	1
1684	2
1687	3
16888	1
169	1
1693	2
17014	2
1702	2
17068	1
17092	1
1711	1
17125	1
1714	4
172	2
1720	2
17215	1
1723	1
1726	1
1732	1
1735	2
1741	1
17455	1
175	4
1753	1
1762	1
1763140	1
17644	1
1774	2
1777	1
178	2
17803	2
17821	1
17878	1
1789	1
1792	1
17986	1
181	4
1810	1
18136	1
181545	1
1828	1
1831	1
18328	1
1834	1
184	5
18418	1
18427	1
1843	1
1849	2
18535	1
1858	3
1861	1
18616	1
1864	1
187	2
1870	1
18757	1
1876	1
1885	4
1888	1
1891	3
19	363
190	1
1909	1
1912	1
1915	1
19168	1
1927	2
193	1
1939	1
19393	1
19483	1
1949560	1
1951	1
1954	2
1957	1
196	1
1960	1
1972	1
19738	1
1975	1
19786	1
19792	1
19822	1
1984	1
199	1
1990	1
1993	1
19933	1
1996	1
2011	1
201993	1
202	3
2026	1
20275	1
20281	1
2032	1
203493	1
2035	1
20485	1
204909	1
205	2
2050	2
2056	1
20569	1
20572	1
20578	1
2062	2
20626	1
20638	1
2065	4
20731	1
20752	1
208	3
20836	1
20884	1
2095	1
20962	1
209775	1
2104	2
2107	1
211	1
2113	1
21175	1
2125	2
2128	1
21307	1
2131	1
21349	1
214	1
2140	1
2149	1
2152	2
2155	1
2164	1
217	2
21754	1
21805	1
21811	1
2182	1
21823	1
2188	1
21892	1
21937	1
21949	1
22	365
220	2
2200	1
22066	1
22147	1
223	1
2236	1
2239	1
2242	1
22474	1
22513	1
2254	1
226	2
2266	1
2269	1
227130	1
2278	1
22819	1
2283753	1
22894	1
2290	2
2296	1
2302	1
2305	2
23056	1
2308	1
2311	1
232	1
23212	1
23218	1
23302	1
23356	1
2341	1
2344	1
235	2
2356	2
23593	1
238	3
2380	1
2386	1
2392	1
2398	1
2404	1
2410	1
2413	3
241491	1
2419	1
2431	1
244	2
2443	1
2452	1
2455	1
2461	1
2467	1
247	2
247287	1
2476	1
2491	1
25	362
250	2
2509	2
25114	1
2515155	1
25153	1
2518	1
252093	1
2521	1
2524	1
253	4
253527	1
25354	1
25378	1
2539	1
25441	1
2551	1
2557	1
256	3
2560	2
25663	1
2581	1
2599	1
2614	1
2617	1
262	3
2620	1
26227	1
2629	1
26308	1
2632	1
26395	1
2641	2
26461	1
265	3
2650	1
26515	1
2653	1
2656	1
2674	2
2677	1
26776	1
268	4
2680	1
2683	1
2686	1
26917	1
271	4
27136	1
27205	1
2725	1
2734	1
274	3
2740	1
27496	1
2752	1
277	4
27907	1
2794	1
28	158
280	2
2800	1
2803	1
2812	1
2815	1
28150	1
2821	2
2824	1
283	1
28348	1
2839	1
286	2
28648	1
2875	1
28849	1
2887	1
289	1
2893	1
2917	1
292	3
2920	1
2926	1
29296	1
2932	1
29335	1
29356	1
29359	1
295	1
2953	1
2965	1
29656	1
29689	1
297381	1
298	3
2980	1
29902	1
29911	1
2998	1
3001	1
30019	1
30154	1
3019	1
3022	1
304	3
30484	1
3049	1
30493	1
307	2
3070	1
307380	1
3082	1
3084420	1
3085	1
30868	1
3088	1
3091	1
30925	1
30928	1
3094	1
3097	1
31	156
310	2
3106	1
3112	1
31153	1
3118	1
31180	1
31186	1
31240	1
313	1
3133	1
3136	1
31384	1
31441	1
3145	1
3154	1
316	1
317466	1
3175	1
3184	1
3187	1
31870	1
319	1
3202	1
3208	1
3229	1
3241	1
3244	1
3247	1
324954	1
325	1
3253	2
32587	1
32725	1
3274	1
3277	1
32785	1
328	2
3301	1
331	1
3313	1
3322	2
3325	1
33397	1
334	2
3343	2
33607	1
33694	1
337	1
3370	2
3373	1
3376	1
3379	2
33802	1
33880	1
3391	1
33961	1
34	157
340	1
3400	1
3421	1
3427	1
343	1
3433	1
3442	1
3448	1
34558	1
346	5
3463	1
346866	1
3469	1
3475	1
3481	1
3487	1
3496	1
3499	1
3505	1
352	1
3520	1
3535	1
3538	1
3541	2
3544	1
3547	1
355	1
3550	1
3556	1
35683	1
358	1
35887	1
3592	1
3598	1
3607	1
361	1
3610	1
3619	1
364	4
3667	1
367	2
3688	1
36931	1
3694	1
3697	1
37	157
370	1
3700	2
37291	1
373	2
3742	1
37528	1
37558	1
3757	1
376	1
3772	1
3778	1
3787	1
379	2
3799	2
3802	1
380958	1
3811	1
38134	1
3814	1
382395	1
38254	1
3844	2
38449	1
38458	1
38527	1
3853	1
38554	1
3871	1
3874	1
388	3
3901	3
39073	1
391	1
3925	1
393051	1
3931	1
3937	1
394	5
39400	1
3955	1
39598	1
3964	1
3970	1
39763	1
39988	1
4	388
40	3
400	3
4000	1
40159	1
4021	1
4027	1
402921	1
403	2
4030	1
4051	1
406	4
4060	1
407052	1
4081	1
4087	1
409	1
4102	1
41101	1
41131	1
4117	1
412	2
41224	1
4135	1
4138	1
4141	1
41440	1
415	3
41716	2
418	3
4180	2
4183	1
41848	1
42022	1
421	3
42136	1
42142	1
4216	1
42184	1
42229	1
422670	1
42307	1
424	4
42439	1
42508	1
42649	1
427	1
4279	1
42895	1
42949	1
43	1
430	1
430143	1
43156	1
43258	1
43279	1
433	2
43387	1
4354	1
43555	1
4357	1
43633	1
4369	1
43699	1
437553	1
43762	1
4390	1
4393	1
4396	1
4399	1
4414	1
442	1
44332	1
445	1
4453	1
4456	1
4462	1
4465	1
44722	1
4477	1
448	1
44815	1
4483	1
44854	1
44881	1
4504	1
45052	1
4507	1
451	1
4510	1
451125	1
45163	1
45223	1
45265	1
4534	1
45358	1
4537	2
454	4
45529	1
4558	1
4561	1
457	1
4597	1
46	2
460	4
46153	1
46228	1
463	1
46336	1
4654	1
466	2
46669	1
4687	1
469	1
47014	1
4711	1
4714	1
472	4
47248	1
4729	1
4732	1
47548	1
4759	1
4771	1
478	1
4789	1
47971	1
4804	1
48094	1
481	2
4819	1
484	2
487	4
4870	1
48943	1
48949	1
49	2
490	3
49081	1
49141	1
4921	1
493	2
4933	1
49375	1
4942	1
4951	2
496	1
49624	1
49675	1
4972	1
49912	1
50011	1
50128	1
50266	1
5029	1
50356	1
5059	1
508	4
5086	1
5092	1
511	1
5125	2
5131	1
514	1
5146	1
51721	1
51925	1
52	1
520	2
52147	1
523	2
5257	1
52738	1
529	2
5302	1
5305	1
5308	1
532	1
5344	1
5347	1
535	1
53533	1
5362	1
53722	1
53737	1
538	2
5404	1
540675	1
541	3
54289	1
5431	1
54412	1
547	2
54754	1
5476	1
54787	1
5479	1
5494	1
549723	1
55	1
5506	1
55132	1
5521	1
553	3
5530	1
556	1
5560	1
5563	2
5566	1
55792	1
5587	1
559	1
55963	1
560001	1
562	2
5632	1
5635	1
565	2
56602	1
56785	1
568	1
56938	1
5701	1
571	2
5728	2
5734	1
574	1
5743	1
5749	1
577	1
57733	1
58	2
580	1
5809	1
583	3
5833	1
586	3
5884	1
5908	1
592	1
5929	1
5938	1
595	1
5950	1
5962	1
598	1
5980	2
5995	1
5998	1
601	1
6037	2
604	1
6064	1
607	1
6076	1
60766	1
6082	1
6088	1
60994	1
610	2
6118	2
6127	1
613	1
6133	1
6154	1
616	2
61714	1
619	1
6193	1
6199	1
61996	1
6232	1
6238	1
625	1
62728	1
6274	1
628	3
6298	1
63076	1
631	1
63277	1
6334	1
63391	1
6346	2
63535	1
6364	1
6379	1
6388	1
63943	1
63994	1
64	3
640	2
64075	1
64258	1
643	2
646	2
64720	1
64801	1
649	1
65272	2
65296	1
65401	1
655	1
6553	1
658	2
65971	1
65995	1
66022	1
6607	1
661	1
6619	1
664	3
66583	1
6667	1
667	4
66766	1
67	3
670	2
6724	1
6730	1
6733	1
676	1
679	1
67909	1
6805	2
68068	1
6808	1
682	2
6820	1
6823	1
68392	1
685	1
68857	1
6898	1
691	1
69319	1
694	1
6943	1
69577	1
6985	1
6991	1
69940	1
7	378
70	1
700	1
7021	1
7042	1
7051	1
70519	1
706	2
7084	1
70867	1
70912	1
711990	1
713424	1
7141	1
715	3
7162	1
7171	1
718	1
71863	1
71899	1
719118	1
7201	1
721	1
7210	1
723102	1
72328	1
7237	1
724	5
7243	1
7249	1
725166	1
72850	1
73	2
730	2
7300	1
73249	1
733	1
73519	1
736	1
73765	1
73786	1
739	2
7396	1
7399	1
7405	1
7417	1
742	1
74260	1
745	2
7474	1
748	2
7489	1
7510	2
7516	1
754	3
75403	1
75517	1
757	1
7573	1
76	2
760	1
7600	1
76054	1
762015	1
763	1
7630	1
76498	1
7654	1
766	4
769	1
7693	1
7711	1
77968	1
781	1
7822	1
7825	1
784	3
7855	1
787	3
79	2
790	2
7909	1
79294	1
793	1
7936	1
796	1
7966	1
799	1
79966	1
802	2
8041	1
8065	1
808	1
811	2
81370	1
814	2
8143	1
81448	1
8155	1
81568	1
817	2
82	158
820	1
8212	1
82285	1
82327	1
826	2
8272	1
832	2
8338	1
835	2
83512	1
83647	1
838	2
8389	1
84658	1
8470	1
84904	1
84976	1
85	2
850	1
8512	1
8527	1
853	1
85309	1
8551	1
856	1
85648	1
85711	1
85780	1
859	1
862	1
86629	1
868	1
8707	1
871	4
8710	1
874	1
8767	1
88	7
880	1
8803	1
8815	1
88498	1
8851	1
886	3
8860	1
88654	1
8872	1
889	1
892	3
895	4
89569	1
8965	1
896727	1
898	1
9013	1
9019	1
90397	1
904125	1
91	207
9109	1
9118	1
913	2
91315	1
9154	1
919	2
91918	1
922	1
925	2
9259	1
92620	1
928	2
9283	1
934	2
937	3
94	207
940	4
943	2
946	1
9469	1
952	2
9520	1
95371	1
95446	1
958	3
96358	1
9643	1
9676	1
9691	1
97	1
9703	1
9715	1
973	1
979	4
9796	1
9835	1
9844	1
985	2
9856	1
9865	1
9874	1
988	2
994	1
99556	1
a	310
acci	155
ahora	155
al	155
alianza	310
cola	155
cooperaci	155
crata	310
dem	310
democratico	155
ecolog	155
emprendedores	155
en	310
idagrupacionpolitica	1
ideleccion	1
impugnados	155
integraci	155
integridad	155
juntos	155
la	310
libre	155
los	155
morado	155
obras	155
patri	155
pol	930
por	310
primero	310
progreso	310
renovaci	155
s	310
sicreo	155
todos	155
totalvotos	1
unidad	155
vico	155
votos	465
y	465
