0,31.110456778235275,4.691900050609818
2,27.941206277341745,11.270206777963871
3,29.41082218547999,4.688761160378748
4,35.627217422095214,12.41042634560911
5,36.12742650096813,5.631268156246998
6,32.88591432526727,15.077524228357573
7,31.38549141049318,10.126593840559151
9,28.162766724107133,7.213554185122423
13,29.372295300191787,5.104887820796119
14,30.08595702409286,4.995471325349545
15,30.24080747682786,4.854389444473607
16,31.582689247802595,3.7306666400144923
17,31.001016359830107,6.04923318098357
18,30.278988918647585,6.451516389471608
20,29.740802032515074,6.011903999288182
22,30.34863716118824,5.659971258800003
23,31.245828644175038,5.9849881833272764
